-0.00024828
-0.00037257
-0.00018949
-0.00029913
-0.000287
-0.00031998
-0.00023434
-0.0003144
-0.00015724
1.6123e-05
0.00011832
0.00035681
-7.7489e-05
4.9263e-05
5.6493e-05
0.00012771
-3.9017e-05
9.8805e-05
0.00030162
0.00019668
0.00015769
-1.5808e-06
0.00014416
0.00064904
0.00042207
0.00019082
-2.9961e-05
0.0001647
0.00030315
0.00036321
0.00030879
-1.7728e-06
0.00018043
0.00022721
-2.8345e-05
0.000189
4.6482e-05
0.00024654
-8.7542e-05
-0.00032338
0.00018409
0.00023598
5.3081e-05
-0.00062924
-0.00087111
-0.00094146
-0.00082638
-0.00054683
-0.00056977
-0.00048894
-0.00070219
-0.00044961
-0.00054733
-0.00060884
-0.00040823
0.00072678
0.00072245
0.00067769
0.00091206
0.00074353
0.00049163
3.0935e-05
0.00033526
0.00018743
0.00054841
0.00028432
0.00028245
0.00051308
0.00021446
-9.1947e-05
5.1022e-05
0.00012098
-0.00015314
-0.00019296
-8.8116e-05
-0.00029892
-0.00042515
-0.00019753
-0.00019281
-0.00020305
-0.00024903
-6.9057e-05
7.3156e-05
7.3609e-05
0.00015921
-7.5079e-05
1.7455e-05
-2.5037e-05
7.0516e-05
-2.7764e-05
-0.00011042
-0.00014167
-9.8814e-05
-7.8986e-06
9.3621e-05
-0.00012001
4.0931e-05
0.00013109
-0.00013641
7.2376e-05
4.7994e-05
-5.308e-05
0.00010129
5.7254e-05
-3.7148e-05
-2.3192e-05
6.0804e-05
0.00024874
2.2325e-05
2.2142e-05
0.00015845
9.1607e-05
0.00010016
-8.9393e-05
-0.00020294
-2.8451e-05
-8.3962e-05
-0.00015753
-3.2536e-05
-0.00028817
-4.5008e-05
0.00012349
5.6001e-05
-8.0698e-05
3.6025e-05
-0.00021792
-0.00022051
-0.00028492
-0.0002244
1.5363e-05
1.3617e-05
0.00012891
-0.00011153
0.00018708
0.00031432
0.00018506
0.00025371
0.0001309
0.00026281
0.00020549
-2.3226e-05
0.00010754
6.7348e-05
-4.3134e-05
-7.8231e-05
-0.00018301
0.00014685
0.00010236
2.9771e-06
-0.00015886
-0.00025326
-0.00010899
-2.2984e-05
-6.593e-05
1.6281e-05
-0.00020921
5.1118e-05
6.2792e-06
1.5385e-05
8.8042e-05
0.00027211
0.00039587
0.00032753
0.00032312
-0.00010915
6.721e-05
0.00030171
0.0002241
-3.3512e-05
-0.00029104
-0.00042223
-0.00031417
-2.6062e-05
-0.00034966
-0.00043032
-0.0003857
-0.0002868
-0.00012678
-3.4714e-05
-2.2424e-06
0.000206
0.00023438
-0.00016513
0.00010855
0.00019956
-0.00019587
-0.00022069
5.997e-05
-2.4696e-05
1.1645e-05
-0.00018736
9.5055e-05
-3.7011e-05
-0.00017753
-0.00011855
-7.024e-05
-0.00018876
-0.00031565
-0.00036352
-0.00048073
-0.00046018
-0.00044884
-0.00024359
-0.00035081
-0.00020596
0.00011305
0.00043355
0.00080216
0.0013516
0.0018244
0.0020522
0.0020877
0.002248
0.0024001
0.0024925
0.0023965
0.0018238
0.0013745
0.00058104
-0.00074991
-0.0020471
-0.0035657
-0.0051085
-0.006204
-0.0064262
-0.0060449
-0.0051845
-0.0036245
-0.0017291
0.00047927
0.0025275
0.0039787
0.0048605
0.0050495
0.0045747
0.0036164
0.0022611
0.0013444
0.00069928
-0.00024443
-0.00025838
0.00026856
0.000549
0.0011172
0.0012626
0.00079094
-0.0001427
-0.0019693
-0.0039913
-0.0053128
-0.0059296
-0.0056342
-0.0049665
-0.0034784
-0.0018798
-0.00020854
0.0020497
0.0046105
0.008037
0.010963
0.01287
0.013281
0.011699
0.007307
0.0018593
-0.0043762
-0.010542
-0.014885
-0.016175
-0.015433
-0.011994
-0.0073411
-0.0022533
0.0023816
0.006419
0.0080377
0.0079624
0.0067629
0.0044141
0.0017107
-0.00054006
-0.0020578
-0.0024237
-0.002333
-0.0013114
0.00014097
0.001408
0.0026137
0.0029176
0.0024515
0.0023222
0.0017421
0.00095334
-0.0001494
-0.0015708
-0.00239
-0.0031047
-0.0035962
-0.0035076
-0.0030888
-0.0016303
0.00019613
0.0015834
0.0023111
0.0027411
0.0029563
0.002645
0.0020726
0.0012937
0.00044579
-0.00036045
-0.0012328
-0.001522
-0.001641
-0.0014964
-0.001129
-0.00068876
2.7567e-05
0.00032994
0.00060547
0.00072015
0.00063093
0.00056858
0.00036876
0.0001366
-0.00010781
-0.00038358
-0.00055008
-0.00074853
-0.00078013
-0.0006648
-0.0005096
-0.00033316
-0.00035886
-0.00042215
-0.00020013
-0.00013917
8.0258e-05
0.00014062
0.00035648
0.00047532
0.0004453
0.00050265
0.00059457
0.00028899
0.00014202
2.7533e-05
-5.3932e-05
-4.4808e-05
5.516e-05
0.00030135
0.00021268
8.9157e-05
6.195e-05
-0.00018118
-0.00032803
-0.00014484
6.7565e-05
0.00017855
0.00037935
0.00042014
0.00049013
0.00058464
0.00022643
0.00025856
-0.00015307
-3.3125e-08
1.6423e-05
-0.00043966
-0.00048042
-0.00032348
-0.00030658
-0.00021636
-0.000142
-0.00053743
-0.0003403
-0.00048629
-0.0002927
-0.00013552
5.1531e-05
2.2559e-05
0.0002062
0.00053836
0.00029368
0.00020049
8.7279e-05
-0.00023936
-0.00046194
-0.00053214
-0.00068326
-0.00056533
-0.00046881
-0.00023142
0.00028421
0.00033131
0.00077476
0.00063778
0.00095288
0.00075881
0.00076933
0.00058351
-2.6989e-06
-5.2897e-05
-0.00019784
-0.00054334
-0.00043711
-0.00035116
-0.00042808
-0.00022237
-0.00011836
0.00014049
0.00023827
0.00036759
0.00040016
0.00016349
-4.3476e-05
0.00014898
-5.578e-05
-0.00022898
-0.0001266
6.2608e-05
-2.3025e-05
-2.1174e-05
-0.00010665
7.3927e-05
4.624e-05
-0.00014186
-0.000169
-0.00011352
-0.0002635
-0.00039099
-0.00047727
-0.00048229
-0.00038784
-0.000216
5.167e-05
-8.8071e-05
0.00029157
0.00026916
0.00027513
0.00049176
0.00043287
0.00040139
0.0001626
0.00019359
0.00020072
0.00010907
0.00011616
2.6086e-05
3.3392e-05
-0.0003556
-4.3384e-05
-0.00018479
-0.00012076
-0.00013879
-0.00019685
-3.3426e-05
-9.1883e-05
7.2586e-06
-5.0706e-05
-1.3976e-05
4.9621e-05
-9.5968e-05
8.8037e-05
4.5975e-06
4.0045e-06
0.00010358
0.00016213
7.7774e-05
0.00019601
-0.00012759
-0.00024884
-1.9683e-05
-7.9564e-05
0.00014413
2.3745e-05
-5.7666e-05
-0.00023268
-0.00036862
-5.4539e-05
5.1162e-05
0.00017547
0.00015745
9.9258e-05
0.00032445
0.0001466
0.000309
0.0003767
0.00041497
0.00024171
0.00010262
-1.3909e-06
-0.00019285
-0.00028874
-0.00035049
-0.00049998
-0.00043493
-0.00051765
-0.00039042
-0.00022872
-0.00016454
-0.00030603
-5.8779e-05
-1.5846e-05
4.585e-05
0.00014965
0.00039095
0.00043095
0.000366
4.6994e-05
4.986e-05
4.2814e-05
-0.00025349
-0.00025499
-0.00024075
-0.00018114
-4.7236e-05
-5.0633e-05
0.00025971
7.202e-05
7.42e-05
0.00049261
0.00036777
0.00029297
0.00053156
0.00063434
0.00020049
0.00024299
0.00023921
3.6914e-05
9.2443e-05
0.00025274
-0.00012027
3.6167e-05
-3.1378e-05
-0.00012337
0.00010851
0.00013228
5.1724e-05
1.1206e-05
-1.0937e-05
-0.0011366
-0.0012084
-0.001041
-0.00093632
-0.0010192
-0.00086002
-0.00088547
-0.00025307
1.2064e-05
-0.00016244
-0.00026621
4.4125e-05
0.00083946
0.001008
0.0010543
0.00073422
0.00060167
0.00035175
0.00070698
0.00063994
0.00032431
0.00026354
0.00013942
-3.7154e-05
2.6702e-05
9.676e-05
3.9893e-05
0.00017095
0.00029722
0.00012465
0.00031252
-0.0001551
3.6453e-05
-0.00029626
-0.00046334
-0.00029946
